a <- c(26, 511, 51, 1, 44, 71, 4, 95, 22, 78, 293, 57, 515, 11, 12, 163, 105, 8, 40, 9, 2, 513, 515, 46, 6, 13, 43, 5, 208, 512, 198, 31, 19, 41, 259, 77, 39, 23, 7, 17, 16, 80, 118, 42, 516, 67, 50, 85, 99, 35, 61, 25, 131, 47, 76, 74, 36, 3, 154, 28, 161, 20, 133, 38, 70, 24, 49, 10, 69, 60, 66, 37, 59, 33, 54, 52, 165, 120, 201, 96, 55, 64, 21, 32, 91, 63, 14, 160, 244, 53, 68, 58, 18, 84, 240, 108, 146, 104, 140, 15, 65, 185, 144, 27, 87, 89, 86, 191, 30, 100, 88, 138, 327, 159, 137, 109, 79, 94, 48, 517, 29, 143, 179, 107, 205, 189, 182, 170, 102, 157, 206, 114, 73, 228, 34, 75, 150, 196, 97, 116, 225, 124, 82, 518, 521, 111, 127, 164, 62, 193, 45, 72, 222, 175, 351, 235, 81, 330, 122, 158, 92, 219, 113, 56, 355, 298, 156, 149, 197, 121, 155, 217, 83, 181, 183, 148, 195, 216, 145, 169, 126, 389, 186, 194, 98, 117, 112, 188, 243, 119, 139, 168, 167, 187, 93, 284, 237, 129, 273, 339, 249, 212, 176, 142, 282, 184, 132, 162, 110, 283, 200, 270, 311, 177, 204, 151, 274, 172, 123, 207, 125, 147, 309, 296, 308, 233, 215, 210, 324, 202, 251, 171, 141, 520, 234, 203, 135, 281, 209, 227, 266, 304, 357, 356, 247, 103, 289, 369, 211, 329, 229, 314, 360, 305, 224, 192, 115, 173, 256, 232, 106, 190, 253, 275, 239, 134, 221, 261, 180, 290, 333, 174, 241, 367, 334, 252, 245, 312, 431, 414, 376, 322, 299, 260, 258, 214, 435, 337, 426, 382, 323, 238, 101, 343, 320, 374, 391, 328, 248, 381, 285, 153, 301, 380, 262, 297, 306, 130, 409, 90, 291, 358, 300, 396, 178, 433, 263, 250, 128, 349, 307, 332, 363, 199, 404, 388, 317, 276, 407, 136, 325, 166, 361, 501, 483, 398, 292, 364, 481, 277, 272, 223, 286, 385, 395, 379, 443, 313, 254, 519, 279, 255, 152, 271, 368, 422, 492, 416, 236, 316, 242, 230, 387, 336, 288, 226, 429, 378, 487, 344, 220, 267, 434, 466, 458, 438, 278, 321, 423, 377, 326, 447, 280, 493, 420, 353, 383, 397, 392, 287, 310, 341, 268, 318, 359, 338, 362, 430, 464, 302, 373, 384, 213, 347, 386, 465, 246, 467, 402, 408, 415, 411, 354, 399, 456, 295, 475, 446, 480, 425, 461, 439, 375, 371, 265, 315, 504, 432, 331, 269, 303, 352, 350, 489, 218, 479, 418, 451, 393, 231, 500, 448, 294, 413, 394, 257, 424, 365, 345, 494, 406, 372, 478, 490, 400, 454, 366, 488, 401, 470, 498, 514, 485, 412, 319, 462, 460, 403, 390, 510, 445, 491, 469, 348, 417, 459, 264, 463, 437, 505, 370, 410, 440, 468, 442, 444, 486, 342, 449, 455, 496, 346, 473, 419, 506, 441, 452, 340, 499, 497, 405, 421, 507, 335, 450, 477, 453, 436, 427, 495, 457, 503, 484, 471, 472, 476, 428, 474, 502, 482, 508, 509)



r <- cor(1:length(a), a)
regl <- lm(1:length(a)~a)
plot(a, main='Original CIN vs Flatness Sort', xlab='original CIN', ylab='Flatness Sort')
abline(regl, col='red', lwd=2)
legend('bottomright', paste0('R = ', r))