a <- c(7, 511, 2, 1, 32, 21, 49, 3, 16, 35, 24, 48, 515, 19, 14, 8, 4, 61, 57, 11, 12, 513, 515, 22, 65, 56, 74, 38, 110, 512, 37, 73, 66, 23, 34, 58, 70, 25, 10, 46, 39, 40, 71, 93, 516, 17, 111, 116, 88, 43, 68, 131, 133, 27, 5, 108, 53, 6, 60, 44, 9, 55, 146, 117, 79, 120, 29, 59, 31, 18, 113, 80, 41, 96, 30, 89, 104, 77, 214, 112, 64, 158, 63, 13, 45, 101, 87, 174, 54, 62, 75, 103, 51, 165, 168, 15, 176, 223, 118, 97, 137, 122, 166, 78, 81, 106, 130, 191, 28, 85, 151, 90, 86, 98, 109, 219, 196, 92, 127, 517, 26, 50, 190, 42, 84, 157, 134, 180, 167, 144, 259, 185, 82, 100, 47, 199, 184, 147, 107, 156, 178, 148, 171, 518, 521, 181, 164, 36, 33, 69, 99, 183, 139, 150, 125, 138, 175, 114, 159, 152, 187, 227, 149, 121, 229, 333, 228, 209, 20, 237, 145, 344, 129, 211, 245, 52, 105, 305, 172, 252, 153, 355, 221, 243, 195, 241, 143, 173, 83, 248, 225, 135, 169, 269, 132, 91, 189, 216, 192, 304, 274, 233, 206, 203, 224, 102, 95, 215, 218, 128, 136, 182, 198, 236, 161, 272, 297, 226, 281, 194, 291, 204, 273, 170, 330, 230, 155, 341, 72, 239, 126, 210, 177, 520, 140, 160, 213, 222, 197, 141, 324, 202, 270, 388, 348, 264, 242, 302, 280, 307, 220, 238, 292, 124, 336, 119, 201, 263, 290, 251, 300, 179, 154, 288, 275, 289, 205, 316, 277, 255, 340, 123, 76, 298, 315, 254, 212, 296, 338, 370, 286, 186, 244, 246, 325, 260, 282, 347, 354, 188, 261, 287, 67, 320, 142, 363, 337, 283, 268, 395, 313, 200, 328, 375, 310, 279, 249, 250, 318, 208, 257, 365, 335, 385, 231, 247, 163, 359, 308, 326, 342, 262, 435, 351, 418, 278, 393, 232, 431, 323, 276, 115, 350, 495, 467, 414, 294, 319, 499, 207, 332, 162, 266, 331, 396, 372, 256, 193, 382, 519, 339, 353, 329, 373, 424, 417, 464, 284, 357, 293, 94, 311, 322, 421, 235, 327, 477, 381, 501, 334, 240, 407, 367, 446, 369, 468, 383, 415, 434, 360, 309, 465, 387, 489, 427, 411, 377, 394, 412, 368, 364, 295, 267, 306, 265, 299, 391, 443, 432, 301, 253, 314, 271, 352, 345, 428, 312, 408, 405, 410, 362, 366, 409, 413, 404, 303, 491, 356, 449, 440, 380, 420, 450, 376, 234, 399, 506, 445, 402, 384, 397, 358, 346, 442, 349, 478, 439, 485, 386, 378, 507, 419, 390, 453, 392, 343, 379, 321, 436, 503, 217, 459, 438, 460, 285, 374, 416, 500, 361, 422, 492, 514, 490, 474, 401, 429, 398, 403, 371, 510, 480, 498, 497, 400, 481, 457, 317, 451, 425, 466, 433, 473, 447, 461, 456, 462, 458, 444, 483, 430, 454, 426, 472, 406, 496, 471, 423, 389, 493, 504, 455, 475, 488, 437, 486, 476, 258, 484, 448, 452, 463, 479, 502, 470, 487, 494, 469, 441, 505, 482, 508, 509)



r <- cor(1:length(a), a)
regl <- lm(1:length(a)~a)
plot(a, main='Original CIN vs Flatness', xlab='original CIN', ylab='Flatness')
abline(regl, col='red', lwd=2)
legend('bottomright', paste0('R = ', r))